# BoneCount
19

# BoneName=Root
0
0
0.000000 0.000000 0.000000
1.000000 0.000000 0.000000 0.000000 
0.000000 1.000000 0.000000 0.000000 
0.000000 0.000000 1.000000 0.000000 
0.000000 0.000000 0.000000 1.000000 

# BoneName=Bone1
1
0
0.000000 0.000000 0.000000
1.000000 0.000000 0.000000 0.000000 
0.000000 1.000000 0.000000 0.000000 
0.000000 0.000000 1.000000 0.000000 
0.000000 0.000000 0.000000 1.000000 

# BoneName=Bone2
2
1
0.000000 0.000000 0.000000
1.000000 0.000000 0.000000 0.000000 
0.000000 1.000000 0.000000 0.000000 
0.000000 0.000000 1.000000 0.000000 
0.000000 0.000000 0.000000 1.000000 

# BoneName=Bone3
3
2
0.000000 0.000000 0.000000
1.000000 0.000000 0.000000 0.000000 
0.000000 1.000000 0.000000 0.000000 
0.000000 0.000000 1.000000 0.000000 
0.000000 0.000000 0.000000 1.000000 

# BoneName=Bone4
4
3
0.000000 0.000000 0.000000
0.000000 1.000000 0.000000 0.000000 
0.100268 0.000000 -0.994960 0.000000 
-0.994960 0.000000 -0.100268 0.000000 
-0.308963 0.000000 1.188399 1.000000 

# BoneName=Bone5
5
4
0.000000 0.000000 0.000000
0.000000 1.000000 0.000000 0.000000 
0.207776 0.000000 -0.978177 0.000000 
-0.978177 0.000000 -0.207776 0.000000 
-0.514807 0.000000 1.866539 1.000000 

# BoneName=Bone6
6
5
0.000000 0.000000 0.000000
0.000000 1.000000 0.000000 0.000000 
0.088092 0.000000 -0.996112 0.000000 
-0.996112 0.000000 -0.088092 0.000000 
-0.255455 0.000000 2.162461 1.000000 

# BoneName=Bone7
7
4
0.000000 0.000000 0.000000
-0.110439 0.000000 0.993883 0.000000 
-0.993883 0.000000 -0.110439 0.000000 
0.000000 -1.000000 0.000000 0.000000 
1.920946 -0.115751 0.213452 1.000000 

# BoneName=Bone8
8
7
0.000000 0.000000 0.000000
0.333579 -0.095220 0.937901 0.000000 
-0.942722 -0.033693 0.331873 0.000000 
0.000000 -0.994886 -0.101005 0.000000 
2.005909 -0.088404 -0.275220 1.000000 

# BoneName=Bone9
9
4
0.000000 0.000000 0.000000
-0.110438 0.000000 -0.993883 0.000000 
0.993883 0.000000 -0.110438 0.000000 
0.000000 -1.000000 0.000000 0.000000 
-1.920946 -0.115751 0.213452 1.000000 

# BoneName=Bone10
10
9
0.000000 0.000000 0.000000
0.333579 0.095219 -0.937901 0.000000 
0.942722 -0.033693 0.331873 0.000000 
0.000000 -0.994886 -0.101005 0.000000 
-2.005909 -0.088404 -0.275220 1.000000 

# BoneName=Bone11
11
3
0.000000 0.000000 0.000000
0.683157 -0.198653 0.702733 0.000000 
-0.730272 -0.185836 0.657395 0.000000 
0.000000 -0.962290 -0.272026 0.000000 
0.886104 0.044343 -0.848884 1.000000 

# BoneName=Bone12
12
11
0.000000 0.000000 0.000000
0.999935 0.000000 -0.011363 0.000000 
0.011363 0.000000 0.999935 0.000000 
0.000000 -1.000000 0.000000 0.000000 
0.310661 -0.063968 -0.916635 1.000000 

# BoneName=Bone13
13
3
0.000000 0.000000 0.000000
0.683157 0.198652 -0.702733 0.000000 
0.730271 -0.185836 0.657395 0.000000 
0.000000 -0.962290 -0.272026 0.000000 
-0.886103 0.044343 -0.848884 1.000000 

# BoneName=Bone14
14
13
0.000000 0.000000 0.000000
0.999936 0.000000 0.011363 0.000000 
-0.011363 0.000000 0.999935 0.000000 
0.000000 -1.000000 0.000000 0.000000 
-0.310660 -0.063968 -0.916636 1.000000 

# BoneName=Bone15
15
13
0.000000 0.000000 0.000000
0.999936 0.000000 0.011363 0.000000 
-0.011363 0.000000 0.999935 0.000000 
0.000000 -1.000000 0.000000 0.000000 
-0.310660 -0.063968 -0.916636 1.000000 

# BoneName=Bone16
16
3
0.000000 0.000000 0.000000
1.000000 0.000000 0.000000 0.000000 
0.000000 1.000000 0.000000 0.000000 
0.000000 0.000000 1.000000 0.000000 
0.000000 0.000000 0.000000 1.000000 

# BoneName=Bone17
17
16
0.000000 0.000000 0.000000
0.000000 1.000000 0.000000 0.000000 
-0.989153 0.000000 0.146891 0.000000 
0.146891 0.000000 0.989153 0.000000 
1.112247 0.000000 0.286897 1.000000 

# BoneName=Bone18
18
17
0.000000 0.000000 0.000000
0.000000 1.000000 0.000000 0.000000 
-0.924752 0.000000 -0.380570 0.000000 
-0.380570 0.000000 0.924752 0.000000 
0.619648 0.000000 1.132353 1.000000 
