# BoneCount
29

# BoneName=karatebui
0
0
0.000000 0.000000 0.000000
1.000000 0.000000 0.000000 0.000000 
0.000000 1.000000 0.000000 0.000000 
0.000000 0.000000 1.000000 0.000000 
0.000000 0.000000 0.000000 1.000000 

# BoneName=Hips
1
0
0.000000 0.000000 0.000000
1.000000 0.000000 0.000000 0.000000 
0.000000 1.000000 0.000000 0.000000 
0.000000 0.000000 1.000000 0.000000 
-0.000000 -0.742456 -0.010827 1.000000 

# BoneName=Spine
2
1
0.000000 0.000000 0.000000
1.000000 0.000000 0.000000 0.000000 
0.000000 1.000000 0.000000 0.000000 
0.000000 0.000000 1.000000 0.000000 
-0.000000 -1.003674 0.010757 1.000000 

# BoneName=Neck
3
2
0.000000 0.000000 0.000000
1.000000 0.000000 0.000000 0.000000 
0.000000 1.000000 0.000000 0.000000 
0.000000 0.000000 1.000000 0.000000 
-0.000000 -1.287982 0.005484 1.000000 

# BoneName=Head
4
3
0.000000 0.000000 0.000000
1.000000 0.000000 0.000000 0.000000 
0.000000 1.000000 0.000000 0.000000 
0.000000 0.000000 1.000000 0.000000 
-0.000000 -1.461964 0.010757 1.000000 

# BoneName=RightShoulder
5
2
0.000000 0.000000 0.000000
1.000000 0.000000 0.000000 0.000000 
0.000000 1.000000 0.000000 0.000000 
0.000000 0.000000 1.000000 0.000000 
0.099741 -1.188500 -0.020577 1.000000 

# BoneName=RightArm
6
5
0.000000 0.000000 0.000000
0.998686 0.051244 0.000000 0.000000 
-0.051244 0.998686 0.000000 0.000000 
0.000000 0.000000 1.000000 0.000000 
0.207321 -1.191832 0.002759 1.000000 

# BoneName=RightForeArm
7
6
0.000000 0.000000 0.000000
0.998686 0.051244 0.000000 0.000000 
-0.051244 0.998686 0.000000 0.000000 
0.000000 0.000000 1.000000 0.000000 
0.431021 -1.184159 0.017904 1.000000 

# BoneName=RightHand
8
7
0.000000 0.000000 0.000000
0.998686 0.051244 0.000000 0.000000 
-0.051244 0.998686 0.000000 0.000000 
0.000000 0.000000 1.000000 0.000000 
0.625226 -1.188261 0.005058 1.000000 

# BoneName=RightFinger1
9
8
0.000000 0.000000 0.000000
0.998686 0.051244 0.000000 0.000000 
-0.051244 0.998686 0.000000 0.000000 
0.000000 0.000000 1.000000 0.000000 
0.702059 -1.189311 0.007657 1.000000 

# BoneName=RightFinger2
10
9
0.000000 0.000000 0.000000
0.998686 0.051244 0.000000 0.000000 
-0.051244 0.998686 0.000000 0.000000 
0.000000 0.000000 1.000000 0.000000 
0.759861 -1.189511 0.007657 1.000000 

# BoneName=RightFinger3
11
10
0.000000 0.000000 0.000000
0.998686 0.051244 0.000000 0.000000 
-0.051244 0.998686 0.000000 0.000000 
0.000000 0.000000 1.000000 0.000000 
0.814252 -1.187421 0.006006 1.000000 

# BoneName=LeftShoulder
12
2
0.000000 0.000000 0.000000
1.000000 0.000000 0.000000 0.000000 
0.000000 1.000000 0.000000 0.000000 
0.000000 0.000000 1.000000 0.000000 
-0.099741 -1.188496 -0.020577 1.000000 

# BoneName=LeftArm
13
12
0.000000 0.000000 0.000000
1.000000 0.000000 0.000000 0.000000 
0.000000 1.000000 0.000000 0.000000 
0.000000 0.000000 1.000000 0.000000 
-0.145974 -1.200886 0.002759 1.000000 

# BoneName=LeftForeArm
14
13
0.000000 0.000000 0.000000
1.000000 0.000000 0.000000 0.000000 
0.000000 1.000000 0.000000 0.000000 
0.000000 0.000000 1.000000 0.000000 
-0.369674 -1.193874 0.017904 1.000000 

# BoneName=LeftHand
15
14
0.000000 0.000000 0.000000
1.000000 0.000000 0.000000 0.000000 
0.000000 1.000000 0.000000 0.000000 
0.000000 0.000000 1.000000 0.000000 
-0.565364 -1.196186 0.005058 1.000000 

# BoneName=LeftFinger1
16
15
0.000000 0.000000 0.000000
1.000000 0.000000 0.000000 0.000000 
0.000000 1.000000 0.000000 0.000000 
0.000000 0.000000 1.000000 0.000000 
-0.642197 -1.197242 0.007657 1.000000 

# BoneName=LeftFinger2
17
16
0.000000 0.000000 0.000000
1.000000 0.000000 0.000000 0.000000 
0.000000 1.000000 0.000000 0.000000 
0.000000 0.000000 1.000000 0.000000 
-0.699998 -1.197439 0.007657 1.000000 

# BoneName=LeftFinger3
18
17
0.000000 0.000000 0.000000
1.000000 0.000000 0.000000 0.000000 
0.000000 1.000000 0.000000 0.000000 
0.000000 0.000000 1.000000 0.000000 
-0.754390 -1.195353 0.006006 1.000000 

# BoneName=RightUpLeg
19
1
0.000000 0.000000 0.000000
1.000000 0.000009 -0.000102 0.000000 
-0.000009 1.000000 0.000129 0.000000 
0.000102 -0.000129 1.000000 0.000000 
0.117148 -0.671604 -0.025730 1.000000 

# BoneName=RightLeg
20
19
0.000000 0.000000 0.000000
1.000000 -0.000001 -0.000114 0.000000 
0.000001 1.000000 -0.000094 0.000000 
0.000114 0.000094 1.000000 0.000000 
0.131374 -0.404190 -0.031060 1.000000 

# BoneName=RightFoot
21
20
0.000000 0.000000 0.000000
0.999991 -0.003864 -0.001595 0.000000 
0.003864 0.999993 -0.000086 0.000000 
0.001595 0.000079 0.999999 0.000000 
0.147020 -0.077038 -0.002165 1.000000 

# BoneName=RightBool
22
21
0.000000 0.000000 0.000000
-0.999902 -0.013861 -0.001892 0.000000 
0.013962 -0.980364 -0.196703 0.000000 
0.000872 -0.196710 0.980461 0.000000 
-0.148509 0.049614 -0.092701 1.000000 

# BoneName=RightToe
23
22
0.000000 0.000000 0.000000
-0.999902 -0.013861 -0.001892 0.000000 
0.013962 -0.980364 -0.196703 0.000000 
0.000872 -0.196710 0.980461 0.000000 
-0.148468 0.062484 -0.222335 1.000000 

# BoneName=LeftUpLeg
24
1
0.000000 0.000000 0.000000
1.000000 0.000000 0.000000 0.000000 
0.000000 1.000000 0.000000 0.000000 
0.000000 0.000000 1.000000 0.000000 
-0.117145 -0.671608 -0.025631 1.000000 

# BoneName=LeftLeg
25
24
0.000000 0.000000 0.000000
1.000000 0.000000 0.000000 0.000000 
0.000000 1.000000 -0.000000 0.000000 
0.000000 0.000000 1.000000 0.000000 
-0.131375 -0.404186 -0.031050 1.000000 

# BoneName=LeftFoot
26
25
0.000000 0.000000 0.000000
0.999992 0.003750 0.001668 0.000000 
-0.003750 0.999993 0.000022 0.000000 
-0.001668 -0.000029 0.999999 0.000000 
-0.147029 -0.077018 -0.002184 1.000000 

# BoneName=LeftBool
27
26
0.000000 0.000000 0.000000
-0.999902 0.013854 0.001996 0.000000 
-0.013976 -0.980385 -0.196595 0.000000 
-0.000767 -0.196603 0.980483 0.000000 
0.148512 0.049613 -0.092725 1.000000 

# BoneName=LeftToe
28
27
0.000000 0.000000 0.000000
-0.999902 0.013854 0.001996 0.000000 
-0.013976 -0.980385 -0.196595 0.000000 
-0.000767 -0.196603 0.980483 0.000000 
0.148472 0.062482 -0.222359 1.000000 
