# BoneCount
36

# BoneName=Archery
0
0
0.000000 0.000000 0.000000
1.000000 0.000000 0.000000 0.000000 
0.000000 1.000000 0.000000 0.000000 
0.000000 0.000000 1.000000 0.000000 
0.000000 0.000000 0.000000 1.000000 

# BoneName=Hips
1
0
0.000000 0.000000 0.000000
1.000000 0.000000 0.000000 0.000000 
0.000000 1.000000 0.000000 0.000000 
0.000000 0.000000 1.000000 0.000000 
0.000000 -0.598395 0.000742 1.000000 

# BoneName=Spine
2
1
0.000000 0.000000 0.000000
1.000000 0.000000 0.000000 0.000000 
0.000000 1.000000 0.000000 0.000000 
0.000000 0.000000 1.000000 0.000000 
0.000000 -0.769867 0.010316 1.000000 

# BoneName=Neck
3
2
0.000000 0.000000 0.000000
1.000000 0.000000 0.000000 0.000000 
0.000000 1.000000 0.000000 0.000000 
0.000000 0.000000 1.000000 0.000000 
0.000000 -0.969192 0.001612 1.000000 

# BoneName=Head
4
3
0.000000 0.000000 0.000000
1.000000 0.000000 0.000000 0.000000 
0.000000 1.000000 0.000000 0.000000 
0.000000 0.000000 1.000000 0.000000 
0.000000 -1.113554 -0.030104 1.000000 

# BoneName=kami
5
4
0.000000 0.000000 0.000000
1.000000 0.000000 0.000000 0.000000 
0.000000 1.000000 0.000000 0.000000 
0.000000 0.000000 1.000000 0.000000 
0.000000 0.000000 0.000000 1.000000 

# BoneName=kami2
6
5
0.000000 0.000000 0.000000
1.000000 0.000000 0.000000 0.000000 
0.000000 1.000000 0.000000 0.000000 
0.000000 0.000000 1.000000 0.000000 
0.000000 -1.246093 0.103241 1.000000 

# BoneName=kami3
7
6
0.000000 0.000000 0.000000
1.000000 0.000000 0.000000 0.000000 
0.000000 1.000000 0.000000 0.000000 
0.000000 0.000000 1.000000 0.000000 
0.000000 -1.137498 0.144576 1.000000 

# BoneName=kami4
8
7
0.000000 0.000000 0.000000
1.000000 0.000000 0.000000 0.000000 
0.000000 1.000000 0.000000 0.000000 
0.000000 0.000000 1.000000 0.000000 
0.000000 -0.778439 0.115611 1.000000 

# BoneName=RightShoulder
9
2
0.000000 0.000000 0.000000
1.000000 0.000000 0.000000 0.000000 
0.000000 1.000000 0.000000 0.000000 
0.000000 0.000000 1.000000 0.000000 
0.047210 -0.940395 0.000000 1.000000 

# BoneName=RightArm
10
9
0.000000 0.000000 0.000000
1.000000 0.000000 0.000000 0.000000 
0.000000 1.000000 0.000000 0.000000 
0.000000 0.000000 1.000000 0.000000 
0.096090 -0.926773 0.004359 1.000000 

# BoneName=RightForeArm
11
10
0.000000 0.000000 0.000000
1.000000 0.000000 0.000000 0.000000 
0.000000 1.000000 0.000000 0.000000 
0.000000 0.000000 1.000000 0.000000 
0.244475 -0.939647 0.016435 1.000000 

# BoneName=RightHand
12
11
0.000000 0.000000 0.000000
1.000000 0.000000 0.000000 0.000000 
0.000000 1.000000 0.000000 0.000000 
0.000000 0.000000 1.000000 0.000000 
0.393270 -0.941879 0.006084 1.000000 

# BoneName=RightFinger
13
12
0.000000 0.000000 0.000000
1.000000 0.000000 0.000000 0.000000 
0.000000 1.000000 0.000000 0.000000 
0.000000 0.000000 1.000000 0.000000 
0.447929 -0.947608 0.004211 1.000000 

# BoneName=LeftShoulder
14
2
0.000000 0.000000 0.000000
1.000000 0.000000 0.000000 0.000000 
0.000000 1.000000 0.000000 0.000000 
0.000000 0.000000 1.000000 0.000000 
-0.047210 -0.940396 0.000000 1.000000 

# BoneName=LeftArm
15
14
0.000000 0.000000 0.000000
1.000000 0.000000 0.000000 0.000000 
0.000000 1.000000 0.000000 0.000000 
0.000000 0.000000 1.000000 0.000000 
-0.096090 -0.926773 0.004359 1.000000 

# BoneName=LeftForeArm
16
15
0.000000 0.000000 0.000000
1.000000 0.000000 0.000000 0.000000 
0.000000 1.000000 0.000000 0.000000 
0.000000 0.000000 1.000000 0.000000 
-0.244476 -0.939647 0.016435 1.000000 

# BoneName=LeftHand
17
16
0.000000 0.000000 0.000000
1.000000 0.000000 0.000000 0.000000 
0.000000 1.000000 0.000000 0.000000 
0.000000 0.000000 1.000000 0.000000 
-0.393270 -0.941879 0.006084 1.000000 

# BoneName=LeftFinger
18
17
0.000000 0.000000 0.000000
1.000000 0.000000 0.000000 0.000000 
0.000000 1.000000 0.000000 0.000000 
0.000000 0.000000 1.000000 0.000000 
-0.447929 -0.947608 0.004211 1.000000 

# BoneName=joint127
19
18
0.000000 0.000000 0.000000
1.000000 0.000000 0.000000 0.000000 
0.000000 1.000000 0.000000 0.000000 
0.000000 0.000000 1.000000 0.000000 
-0.447929 -0.947608 0.004211 1.000000 

# BoneName=joint128
20
19
0.000000 0.000000 0.000000
1.000000 0.000000 0.000000 0.000000 
0.000000 1.000000 0.000000 0.000000 
0.000000 0.000000 1.000000 0.000000 
-0.446573 -0.947608 -0.185162 1.000000 

# BoneName=joint129
21
20
0.000000 0.000000 0.000000
1.000000 0.000000 0.000000 0.000000 
0.000000 1.000000 0.000000 0.000000 
0.000000 0.000000 1.000000 0.000000 
-0.419842 -0.947608 -0.370747 1.000000 

# BoneName=joint130
22
21
0.000000 0.000000 0.000000
1.000000 0.000000 0.000000 0.000000 
0.000000 1.000000 0.000000 0.000000 
0.000000 0.000000 1.000000 0.000000 
-0.309231 -0.947608 -0.639945 1.000000 

# BoneName=joint131
23
19
0.000000 0.000000 0.000000
1.000000 0.000000 0.000000 0.000000 
0.000000 1.000000 0.000000 0.000000 
0.000000 0.000000 1.000000 0.000000 
-0.445633 -0.947608 0.195966 1.000000 

# BoneName=joint132
24
23
0.000000 0.000000 0.000000
1.000000 0.000000 0.000000 0.000000 
0.000000 1.000000 0.000000 0.000000 
0.000000 0.000000 1.000000 0.000000 
-0.420182 -0.947608 0.379658 1.000000 

# BoneName=joint133
25
24
0.000000 0.000000 0.000000
1.000000 0.000000 0.000000 0.000000 
0.000000 1.000000 0.000000 0.000000 
0.000000 0.000000 1.000000 0.000000 
-0.307490 -0.947608 0.654625 1.000000 

# BoneName=RightUpLeg
26
1
0.000000 0.000000 0.000000
0.999739 -0.001605 0.022810 0.000000 
-0.001605 -0.999999 -0.000004 0.000000 
0.022810 -0.000033 -0.999740 0.000000 
0.080249 0.597958 -0.001752 1.000000 

# BoneName=RightLeg
27
26
0.000000 0.000000 0.000000
0.999739 -0.001605 0.022810 0.000000 
-0.001605 -0.999999 -0.000014 0.000000 
0.022810 -0.000023 -0.999740 0.000000 
0.079543 0.368045 0.013963 1.000000 

# BoneName=RightFoot
28
27
0.000000 0.000000 0.000000
0.999788 0.006539 0.019549 0.000000 
0.006539 -0.999979 0.000062 0.000000 
0.019549 0.000066 -0.999809 0.000000 
0.078801 0.118954 -0.014888 1.000000 

# BoneName=RightBoll
29
28
0.000000 0.000000 0.000000
-0.001731 -0.999986 -0.004913 0.000000 
-0.999987 0.001707 0.004888 0.000000 
-0.004879 0.004922 -0.999976 0.000000 
0.000629 -0.079501 0.030336 1.000000 

# BoneName=RightToe
30
29
0.000000 0.000000 0.000000
-0.001731 -0.999986 -0.004913 0.000000 
-0.999987 0.001707 0.004888 0.000000 
-0.004879 0.004922 -0.999976 0.000000 
0.000704 -0.080105 0.169281 1.000000 

# BoneName=LeftUpLeg
31
1
0.000000 0.000000 0.000000
1.000000 0.000000 0.000000 0.000000 
0.000000 1.000000 0.000000 0.000000 
0.000000 0.000000 1.000000 0.000000 
-0.079229 -0.598086 0.003563 1.000000 

# BoneName=LeftLeg
32
31
0.000000 0.000000 0.000000
1.000000 0.000000 0.000000 0.000000 
0.000000 1.000000 0.000000 0.000000 
0.000000 0.000000 1.000000 0.000000 
-0.078522 -0.368173 -0.012149 1.000000 

# BoneName=LeftFoot
33
32
0.000000 0.000000 0.000000
1.000000 0.000000 0.000000 0.000000 
0.000000 1.000000 0.000000 0.000000 
0.000000 0.000000 1.000000 0.000000 
-0.078795 -0.118437 0.016433 1.000000 

# BoneName=LeftBoll
34
33
0.000000 0.000000 0.000000
-0.000571 -0.999993 -0.003809 0.000000 
0.999988 -0.000552 -0.004885 0.000000 
0.004883 -0.003812 0.999981 0.000000 
-0.000722 0.078838 -0.030426 1.000000 

# BoneName=LeftToe
35
34
0.000000 0.000000 0.000000
-0.000571 -0.999993 -0.003809 0.000000 
0.999988 -0.000552 -0.004885 0.000000 
0.004883 -0.003812 0.999981 0.000000 
-0.000797 0.079442 -0.169370 1.000000 
