# BoneCount
39

# BoneName=Null
0
0
0.000000 0.000000 0.000000
1.000000 0.000000 0.000000 0.000000 
0.000000 1.000000 0.000000 0.000000 
0.000000 0.000000 1.000000 0.000000 
0.000000 0.000000 0.000000 1.000000 

# BoneName=Hips
1
0
0.000000 0.000000 0.000000
1.000000 0.000000 0.000000 0.000000 
0.000000 1.000000 0.000000 0.000000 
0.000000 0.000000 1.000000 0.000000 
0.000000 -0.700000 0.000000 1.000000 

# BoneName=Spine
2
1
0.000000 0.000000 0.000000
1.000000 0.000000 0.000000 0.000000 
0.000000 1.000000 0.000000 0.000000 
0.000000 0.000000 1.000000 0.000000 
0.000000 -0.861524 0.076233 1.000000 

# BoneName=Neck
3
2
0.000000 0.000000 0.000000
1.000000 0.000000 0.000000 0.000000 
0.000000 1.000000 0.000000 0.000000 
0.000000 0.000000 1.000000 0.000000 
0.000000 -1.322357 -0.041601 1.000000 

# BoneName=Head
4
3
0.000000 0.000000 0.000000
1.000000 0.000000 0.000000 0.000000 
0.000000 1.000000 0.000000 0.000000 
0.000000 0.000000 1.000000 0.000000 
0.000000 -1.580215 -0.024659 1.000000 

# BoneName=RightShoulder
5
2
0.000000 0.000000 0.000000
1.000000 0.000000 0.000000 0.000000 
0.000000 1.000000 0.000000 0.000000 
0.000000 0.000000 1.000000 0.000000 
0.147888 -1.229460 0.076233 1.000000 

# BoneName=RightArm
6
5
0.000000 0.000000 0.000000
1.000000 0.000000 0.000000 0.000000 
0.000000 1.000000 0.000000 0.000000 
0.000000 0.000000 1.000000 0.000000 
0.256929 -1.214915 0.076233 1.000000 

# BoneName=RightForeArm
7
6
0.000000 0.000000 0.000000
1.000000 0.000000 0.000000 0.000000 
0.000000 1.000000 0.000000 0.000000 
0.000000 0.000000 1.000000 0.000000 
0.476185 -1.214915 0.099617 1.000000 

# BoneName=RightHand
8
7
0.000000 0.000000 0.000000
1.000000 0.000000 0.000000 0.000000 
0.000000 1.000000 0.000000 0.000000 
0.000000 0.000000 1.000000 0.000000 
0.697339 -1.214915 0.080424 1.000000 

# BoneName=LeftShoulder
9
2
0.000000 0.000000 0.000000
1.000000 0.000000 0.000000 0.000000 
0.000000 1.000000 0.000000 0.000000 
0.000000 0.000000 1.000000 0.000000 
-0.147888 -1.229455 0.076233 1.000000 

# BoneName=LeftArm
10
9
0.000000 0.000000 0.000000
1.000000 0.000000 0.000000 0.000000 
0.000000 1.000000 0.000000 0.000000 
0.000000 0.000000 1.000000 0.000000 
-0.256200 -1.215328 0.076233 1.000000 

# BoneName=LeftForeArm
11
10
0.000000 0.000000 0.000000
1.000000 0.000000 0.000000 0.000000 
0.000000 1.000000 0.000000 0.000000 
0.000000 0.000000 1.000000 0.000000 
-0.475300 -1.215328 0.099368 1.000000 

# BoneName=LeftHand
12
11
0.000000 0.000000 0.000000
1.000000 0.000000 0.000000 0.000000 
0.000000 1.000000 0.000000 0.000000 
0.000000 0.000000 1.000000 0.000000 
-0.694153 -1.215328 0.062217 1.000000 

# BoneName=LeftFinger
13
12
0.000000 0.000000 0.000000
1.000000 0.000000 0.000000 0.000000 
0.000000 1.000000 0.000000 0.000000 
0.000000 0.000000 1.000000 0.000000 
-0.917286 -1.215328 0.105344 1.000000 

# BoneName=gamaE1
14
1
0.000000 0.000000 0.000000
1.000000 0.000000 0.000000 0.000000 
0.000000 1.000000 0.000000 0.000000 
0.000000 0.000000 1.000000 0.000000 
0.000000 -0.581939 0.308290 1.000000 

# BoneName=gamaE2
15
14
0.000000 0.000000 0.000000
1.000000 0.000000 0.000000 0.000000 
0.000000 1.000000 0.000000 0.000000 
0.000000 0.000000 1.000000 0.000000 
0.000000 -0.847676 0.346434 1.000000 

# BoneName=gamaE4
16
14
0.000000 0.000000 0.000000
1.000000 0.000000 0.000000 0.000000 
0.000000 1.000000 0.000000 0.000000 
0.000000 0.000000 1.000000 0.000000 
0.000000 -0.851490 0.276503 1.000000 

# BoneName=gamaD1
17
1
0.000000 0.000000 0.000000
1.000000 0.000000 0.000000 0.000000 
0.000000 1.000000 0.000000 0.000000 
0.000000 0.000000 1.000000 0.000000 
0.298407 -0.579810 0.137489 1.000000 

# BoneName=gamaD2
18
17
0.000000 0.000000 0.000000
0.844085 0.000000 0.536210 0.000000 
0.000000 1.000000 0.000000 0.000000 
-0.536210 0.000000 0.844085 0.000000 
0.191900 -0.847608 0.305333 1.000000 

# BoneName=gamaD4
19
17
0.000000 0.000000 0.000000
0.844085 0.000000 0.536210 0.000000 
0.000000 1.000000 0.000000 0.000000 
-0.536210 0.000000 0.844085 0.000000 
0.163556 -0.846597 0.244959 1.000000 

# BoneName=gamaA1
20
1
0.000000 0.000000 0.000000
1.000000 0.000000 0.000000 0.000000 
0.000000 1.000000 0.000000 0.000000 
0.000000 0.000000 1.000000 0.000000 
-0.292882 -0.576099 0.162411 1.000000 

# BoneName=gamaA2
21
20
0.000000 0.000000 0.000000
0.804852 0.000000 -0.593475 0.000000 
0.000000 1.000000 0.000000 0.000000 
0.593475 0.000000 0.804852 0.000000 
-0.148721 -0.851647 0.334856 1.000000 

# BoneName=gamaA4
22
20
0.000000 0.000000 0.000000
0.804852 0.000000 -0.593475 0.000000 
0.000000 1.000000 0.000000 0.000000 
0.593475 0.000000 0.804852 0.000000 
-0.128253 -0.848762 0.268702 1.000000 

# BoneName=gamaB1
23
1
0.000000 0.000000 0.000000
1.000000 0.000000 0.000000 0.000000 
0.000000 1.000000 0.000000 0.000000 
0.000000 0.000000 1.000000 0.000000 
-0.274458 -0.576099 -0.144214 1.000000 

# BoneName=gamaB2
24
23
0.000000 0.000000 0.000000
0.887108 0.000000 0.461563 0.000000 
0.000000 1.000000 0.000000 0.000000 
-0.461563 0.000000 0.887108 0.000000 
-0.195125 -0.851647 -0.280604 1.000000 

# BoneName=gamaB4
25
23
0.000000 0.000000 0.000000
0.887108 0.000000 0.461563 0.000000 
0.000000 1.000000 0.000000 0.000000 
-0.461563 0.000000 0.887108 0.000000 
-0.155382 -0.848762 -0.223896 1.000000 

# BoneName=gamaC1
26
1
0.000000 0.000000 0.000000
1.000000 0.000000 0.000000 0.000000 
0.000000 1.000000 0.000000 0.000000 
0.000000 0.000000 1.000000 0.000000 
0.268489 -0.587135 -0.163351 1.000000 

# BoneName=gamaC2
27
26
0.000000 0.000000 0.000000
0.881526 0.000000 -0.472135 0.000000 
0.000000 1.000000 0.000000 0.000000 
0.472135 0.000000 0.881526 0.000000 
0.177477 -0.854932 -0.297679 1.000000 

# BoneName=gamaC4
28
26
0.000000 0.000000 0.000000
0.881526 0.000000 -0.472135 0.000000 
0.000000 1.000000 0.000000 0.000000 
0.472135 0.000000 0.881526 0.000000 
0.140515 -0.853922 -0.242160 1.000000 

# BoneName=RightUpleg
29
1
0.000000 0.000000 0.000000
0.999986 -0.000948 0.005212 0.000000 
0.001180 0.998998 -0.044730 0.000000 
-0.005164 0.044735 0.998986 0.000000 
0.126081 -0.668806 0.030602 1.000000 

# BoneName=RightLeg
30
29
0.000000 0.000000 0.000000
0.999988 -0.000465 0.004959 0.000000 
0.000266 0.999195 0.040122 0.000000 
-0.004974 -0.040120 0.999182 0.000000 
0.127720 -0.420600 -0.082512 1.000000 

# BoneName=RightFoot
31
30
0.000000 0.000000 0.000000
-0.999967 -0.006721 -0.004667 0.000000 
0.006721 -0.349282 -0.936994 0.000000 
0.004667 -0.936994 0.349315 0.000000 
-0.127513 -0.019844 0.164729 1.000000 

# BoneName=RightBoll
32
31
0.000000 0.000000 0.000000
-0.999728 0.023302 -0.000842 0.000000 
-0.023302 -0.997119 0.072191 0.000000 
0.000842 0.072191 0.997391 0.000000 
-0.126897 -0.004398 -0.134496 1.000000 

# BoneName=RightToe
33
32
0.000000 0.000000 0.000000
-0.999728 0.023302 -0.000842 0.000000 
-0.023302 -0.997119 0.072191 0.000000 
0.000842 0.072191 0.997391 0.000000 
-0.128773 -0.011291 -0.325531 1.000000 

# BoneName=LeftUpleg
34
1
0.000000 0.000000 0.000000
0.999980 -0.000621 0.006236 0.000000 
0.000899 0.998999 -0.044727 0.000000 
-0.006202 0.044732 0.998980 0.000000 
-0.127473 -0.668607 0.029147 1.000000 

# BoneName=LeftLeg
35
34
0.000000 0.000000 0.000000
0.999980 -0.001147 0.006161 0.000000 
0.000899 0.999194 0.040123 0.000000 
-0.006202 -0.040116 0.999176 0.000000 
-0.127473 -0.420394 -0.083932 1.000000 

# BoneName=LeftFoot
36
35
0.000000 0.000000 0.000000
-0.999967 0.006720 0.004667 0.000000 
-0.006720 -0.349277 -0.936995 0.000000 
-0.004667 -0.936995 0.349311 0.000000 
0.127513 -0.019845 0.164730 1.000000 

# BoneName=LeftBoll
37
36
0.000000 0.000000 0.000000
-0.999728 0.023302 -0.000842 0.000000 
-0.023302 -0.997119 0.072186 0.000000 
0.000842 0.072186 0.997391 0.000000 
0.126780 -0.010310 -0.134281 1.000000 

# BoneName=LeftToe
38
37
0.000000 0.000000 0.000000
-0.999728 0.023302 -0.000842 0.000000 
-0.023302 -0.997119 0.072186 0.000000 
0.000842 0.072186 0.997391 0.000000 
0.126780 -0.017216 -0.325325 1.000000 
