# BoneCount
44

# BoneName=seitokaicho
0
0
0.000000 0.000000 0.000000
1.000000 0.000000 0.000000 0.000000 
0.000000 1.000000 0.000000 0.000000 
0.000000 0.000000 1.000000 0.000000 
0.000000 0.000000 0.000000 1.000000 

# BoneName=Hips
1
0
0.000000 0.000000 0.000000
1.000000 0.000000 0.000000 0.000000 
0.000000 1.000000 0.000000 0.000000 
0.000000 0.000000 1.000000 0.000000 
0.000000 -0.768965 0.000000 1.000000 

# BoneName=Spine
2
1
0.000000 0.000000 0.000000
1.000000 0.000000 0.000000 0.000000 
0.000000 1.000000 0.000000 0.000000 
0.000000 0.000000 1.000000 0.000000 
0.000000 -0.886958 0.000000 1.000000 

# BoneName=Neck
3
2
0.000000 0.000000 0.000000
1.000000 0.000000 0.000000 0.000000 
0.000000 1.000000 0.000000 0.000000 
0.000000 0.000000 1.000000 0.000000 
0.000000 -1.196787 -0.009371 1.000000 

# BoneName=Head
4
3
0.000000 0.000000 0.000000
1.000000 0.000000 0.000000 0.000000 
0.000000 1.000000 0.000000 0.000000 
0.000000 0.000000 1.000000 0.000000 
0.000000 -1.441753 -0.032888 1.000000 

# BoneName=LeftHead
5
4
0.000000 0.000000 0.000000
1.000000 0.000000 0.000000 0.000000 
0.000000 1.000000 0.000000 0.000000 
0.000000 0.000000 1.000000 0.000000 
0.000000 0.000000 0.000000 1.000000 

# BoneName=LeftTail1
6
5
0.000000 0.000000 0.000000
1.000000 0.000000 0.000000 0.000000 
0.000000 1.000000 0.000000 0.000000 
0.000000 0.000000 1.000000 0.000000 
-0.112248 -1.554991 0.020090 1.000000 

# BoneName=LeftTail2
7
6
0.000000 0.000000 0.000000
1.000000 0.000000 0.000000 0.000000 
0.000000 1.000000 0.000000 0.000000 
0.000000 0.000000 1.000000 0.000000 
-0.112248 -1.553278 0.070783 1.000000 

# BoneName=LeftTail3
8
7
0.000000 0.000000 0.000000
1.000000 0.000000 0.000000 0.000000 
0.000000 1.000000 0.000000 0.000000 
0.000000 0.000000 1.000000 0.000000 
-0.146285 -1.591403 0.121519 1.000000 

# BoneName=LeftTail4
9
8
0.000000 0.000000 0.000000
1.000000 0.000000 0.000000 0.000000 
0.000000 1.000000 0.000000 0.000000 
0.000000 0.000000 1.000000 0.000000 
-0.196983 -1.625109 0.151975 1.000000 

# BoneName=LeftTail5
10
9
0.000000 0.000000 0.000000
1.000000 0.000000 0.000000 0.000000 
0.000000 1.000000 0.000000 0.000000 
0.000000 0.000000 1.000000 0.000000 
-0.336172 -1.539230 0.211872 1.000000 

# BoneName=LeftTail6
11
10
0.000000 0.000000 0.000000
1.000000 0.000000 0.000000 0.000000 
0.000000 1.000000 0.000000 0.000000 
0.000000 0.000000 1.000000 0.000000 
-0.520284 -1.408159 0.281920 1.000000 

# BoneName=LeftTail7
12
11
0.000000 0.000000 0.000000
1.000000 0.000000 0.000000 0.000000 
0.000000 1.000000 0.000000 0.000000 
0.000000 0.000000 1.000000 0.000000 
-0.719034 -1.206321 0.357045 1.000000 

# BoneName=RightHead
13
4
0.000000 0.000000 0.000000
1.000000 0.000000 0.000000 0.000000 
0.000000 1.000000 0.000000 0.000000 
0.000000 0.000000 1.000000 0.000000 
0.000000 0.000000 0.000000 1.000000 

# BoneName=RightTail1
14
13
0.000000 0.000000 0.000000
1.000000 0.000000 0.000000 0.000000 
0.000000 1.000000 0.000000 0.000000 
0.000000 0.000000 1.000000 0.000000 
0.112248 -1.554990 0.020090 1.000000 

# BoneName=RightTail2
15
14
0.000000 0.000000 0.000000
1.000000 0.000000 0.000000 0.000000 
0.000000 1.000000 0.000000 0.000000 
0.000000 0.000000 1.000000 0.000000 
0.112248 -1.553280 0.070783 1.000000 

# BoneName=RightTail3
16
15
0.000000 0.000000 0.000000
1.000000 0.000000 0.000000 0.000000 
0.000000 1.000000 0.000000 0.000000 
0.000000 0.000000 1.000000 0.000000 
0.146285 -1.591400 0.121519 1.000000 

# BoneName=RightTail4
17
16
0.000000 0.000000 0.000000
1.000000 0.000000 0.000000 0.000000 
0.000000 1.000000 0.000000 0.000000 
0.000000 0.000000 1.000000 0.000000 
0.196983 -1.625110 0.151975 1.000000 

# BoneName=RightTail5
18
17
0.000000 0.000000 0.000000
1.000000 0.000000 0.000000 0.000000 
0.000000 1.000000 0.000000 0.000000 
0.000000 0.000000 1.000000 0.000000 
0.336172 -1.539230 0.211872 1.000000 

# BoneName=RightTail6
19
18
0.000000 0.000000 0.000000
1.000000 0.000000 0.000000 0.000000 
0.000000 1.000000 0.000000 0.000000 
0.000000 0.000000 1.000000 0.000000 
0.520283 -1.408160 0.281920 1.000000 

# BoneName=RightTail7
20
19
0.000000 0.000000 0.000000
1.000000 0.000000 0.000000 0.000000 
0.000000 1.000000 0.000000 0.000000 
0.000000 0.000000 1.000000 0.000000 
0.719034 -1.206320 0.357045 1.000000 

# BoneName=RightShoulder
21
2
0.000000 0.000000 0.000000
1.000000 0.000000 0.000000 0.000000 
0.000000 1.000000 0.000000 0.000000 
0.000000 0.000000 1.000000 0.000000 
0.054347 -1.097380 0.000000 1.000000 

# BoneName=RightArm
22
21
0.000000 0.000000 0.000000
1.000000 0.000000 0.000000 0.000000 
0.000000 1.000000 0.000000 0.000000 
0.000000 0.000000 1.000000 0.000000 
0.145466 -1.103830 -0.000000 1.000000 

# BoneName=RightForeArm
23
22
0.000000 0.000000 0.000000
1.000000 0.000000 0.000000 0.000000 
0.000000 1.000000 0.000000 0.000000 
0.000000 0.000000 1.000000 0.000000 
0.353146 -1.103240 0.006770 1.000000 

# BoneName=RightHand
24
23
0.000000 0.000000 0.000000
1.000000 0.000000 0.000000 0.000000 
0.000000 1.000000 0.000000 0.000000 
0.000000 0.000000 1.000000 0.000000 
0.575994 -1.098750 -0.001588 1.000000 

# BoneName=RightFinger
25
24
0.000000 0.000000 0.000000
1.000000 0.000000 0.000000 0.000000 
0.000000 1.000000 0.000000 0.000000 
0.000000 0.000000 1.000000 0.000000 
0.697267 -1.057520 -0.001588 1.000000 

# BoneName=LeftShoulder
26
2
0.000000 0.000000 0.000000
1.000000 0.000000 0.000000 0.000000 
0.000000 1.000000 0.000000 0.000000 
0.000000 0.000000 1.000000 0.000000 
-0.054347 -1.097383 0.000000 1.000000 

# BoneName=LeftArm
27
26
0.000000 0.000000 0.000000
1.000000 0.000000 0.000000 0.000000 
0.000000 1.000000 0.000000 0.000000 
0.000000 0.000000 1.000000 0.000000 
-0.145466 -1.103835 0.000000 1.000000 

# BoneName=LeftForeArm
28
27
0.000000 0.000000 0.000000
1.000000 0.000000 0.000000 0.000000 
0.000000 1.000000 0.000000 0.000000 
0.000000 0.000000 1.000000 0.000000 
-0.353147 -1.103237 0.006770 1.000000 

# BoneName=LeftHand
29
28
0.000000 0.000000 0.000000
1.000000 0.000000 0.000000 0.000000 
0.000000 1.000000 0.000000 0.000000 
0.000000 0.000000 1.000000 0.000000 
-0.575994 -1.098750 -0.001588 1.000000 

# BoneName=LeftFinger
30
29
0.000000 0.000000 0.000000
1.000000 0.000000 0.000000 0.000000 
0.000000 1.000000 0.000000 0.000000 
0.000000 0.000000 1.000000 0.000000 
-0.697267 -1.057523 -0.001588 1.000000 

# BoneName=Skirt1
31
1
0.000000 0.000000 0.000000
1.000000 0.000000 0.000000 0.000000 
0.000000 1.000000 0.000000 0.000000 
0.000000 0.000000 1.000000 0.000000 
0.000000 -0.777750 0.067201 1.000000 

# BoneName=Skirt2
32
31
0.000000 0.000000 0.000000
1.000000 0.000000 0.000000 0.000000 
0.000000 1.000000 0.000000 0.000000 
0.000000 0.000000 1.000000 0.000000 
0.000505 -0.489375 0.150632 1.000000 

# BoneName=Skirt3
33
32
0.000000 0.000000 0.000000
1.000000 0.000000 0.000000 0.000000 
0.000000 1.000000 0.000000 0.000000 
0.000000 0.000000 1.000000 0.000000 
0.000505 -0.207642 0.204145 1.000000 

# BoneName=RightUpLeg
34
1
0.000000 0.000000 0.000000
0.997785 0.000285 0.066520 0.000000 
0.000708 0.999889 -0.014908 0.000000 
-0.066517 0.014922 0.997674 0.000000 
0.055114 -0.746080 0.014833 1.000000 

# BoneName=RightLeg
35
34
0.000000 0.000000 0.000000
0.997689 0.000468 0.067952 0.000000 
-0.001030 0.999966 0.008240 0.000000 
-0.067945 -0.008291 0.997655 0.000000 
0.079958 -0.409147 -0.024813 1.000000 

# BoneName=RightFoot
36
35
0.000000 0.000000 0.000000
-0.999222 0.037202 0.013106 0.000000 
-0.036708 -0.755517 -0.654100 0.000000 
-0.014432 -0.654072 0.756294 0.000000 
-0.095888 0.068722 0.056137 1.000000 

# BoneName=RightBoll
37
36
0.000000 0.000000 0.000000
-0.999645 -0.026644 0.000528 0.000000 
0.026644 -0.999645 -0.000685 0.000000 
0.000546 -0.000671 1.000000 0.000000 
-0.100200 0.032813 -0.135360 1.000000 

# BoneName=RightToe
38
37
0.000000 0.000000 0.000000
-0.999645 -0.026644 0.000528 0.000000 
0.026644 -0.999645 -0.000685 0.000000 
0.000546 -0.000671 1.000000 0.000000 
-0.100200 0.032905 -0.203521 1.000000 

# BoneName=LeftUpLeg
39
1
0.000000 0.000000 0.000000
0.997785 -0.000287 -0.066520 0.000000 
-0.000707 0.999889 -0.014908 0.000000 
0.066517 0.014922 0.997674 0.000000 
-0.055114 -0.746080 0.014834 1.000000 

# BoneName=LeftLeg
40
39
0.000000 0.000000 0.000000
0.997682 -0.000458 -0.068044 0.000000 
0.001021 0.999966 0.008235 0.000000 
0.068038 -0.008286 0.997648 0.000000 
-0.079956 -0.409148 -0.024803 1.000000 

# BoneName=LeftFoot
41
40
0.000000 0.000000 0.000000
-0.999222 -0.037202 -0.013106 0.000000 
0.036708 -0.755517 -0.654100 0.000000 
0.014432 -0.654072 0.756295 0.000000 
0.095888 0.068722 0.056137 1.000000 

# BoneName=LeftBoll
42
41
0.000000 0.000000 0.000000
-0.985263 -0.171043 -0.000796 0.000000 
0.171044 -0.985263 -0.000666 0.000000 
-0.000670 -0.000792 0.999999 0.000000 
0.091796 0.051934 -0.135334 1.000000 

# BoneName=LeftToe
43
42
0.000000 0.000000 0.000000
-0.985263 -0.171043 -0.000796 0.000000 
0.171044 -0.985263 -0.000666 0.000000 
-0.000670 -0.000792 0.999999 0.000000 
0.091796 0.052027 -0.203496 1.000000 
